1.000000000 0.000000000 0.000000000 0.000000000 0.000000000 1.000000000 0.000000000 0.000000000 0.000000000 0.000000000 1.000000000 0.000000000
0.999978781 -0.002087331 0.006175793 0.016019793 0.002086793 0.999997795 0.000093618 -0.005402779 -0.006175975 -0.000080728 0.999980927 0.301168352
0.999957025 -0.004878754 0.007880261 0.022008132 0.004890470 0.999986947 -0.001468171 -0.004729778 -0.007872995 0.001506646 0.999967873 0.605492294
0.999966443 -0.006245043 0.005303644 0.028898893 0.006260582 0.999976158 -0.002918387 -0.007816857 -0.005285291 0.002951493 0.999981701 0.920519292
0.999961078 -0.008721180 -0.001344064 0.025261488 0.008715184 0.999952316 -0.004404137 -0.008204769 0.001382409 0.004392252 0.999989390 1.242100835
0.999853373 -0.010544623 -0.013492888 0.012052774 0.010460448 0.999925494 -0.006293849 -0.010242311 0.013558249 0.006151784 0.999889135 1.570086002
0.999503136 -0.009600021 -0.030021736 -0.014912125 0.009400726 0.999932885 -0.006772468 -0.012695227 0.030084737 0.006486877 0.999526322 1.908159375
0.998759508 -0.005108483 -0.049531832 -0.048640363 0.004787187 0.999966741 -0.006603128 -0.019755512 0.049563918 0.006357819 0.998750746 2.246635437
0.997585297 -0.001296549 -0.069439508 -0.092975765 0.000792625 0.999973178 -0.007284075 -0.031130638 0.069447093 0.007211447 0.997559547 2.599344492
0.996071935 -0.001910703 -0.088526987 -0.147232145 0.001211069 0.999967575 -0.007956103 -0.040283777 0.088539310 0.007817639 0.996041954 2.949943304
0.993973196 -0.002989879 -0.109583765 -0.202188045 0.002200590 0.999970734 -0.007322841 -0.044843964 0.109602444 0.007037558 0.993950546 3.325325727
0.991567731 -0.004490652 -0.129511565 -0.262728482 0.003687268 0.999972463 -0.006442299 -0.049909838 0.129536927 0.005910432 0.991556942 3.715152502
0.989085853 -0.003355246 -0.147302657 -0.339713573 0.002505392 0.999979138 -0.005954598 -0.053867992 0.147319570 0.005520558 0.989073515 4.117202282
0.986653805 -0.002155790 -0.162817851 -0.425196350 0.001320818 0.999985456 -0.005236338 -0.060579434 0.162826777 0.004951401 0.986642241 4.527147293
0.984280467 -0.001479892 -0.176606357 -0.512530923 0.000556654 0.999985933 -0.005277089 -0.067997128 0.176611662 0.005095827 0.984267473 4.950944901
0.982091010 -0.002997961 -0.188383967 -0.607365489 0.001930299 0.999981046 -0.005850686 -0.077776387 0.188397914 0.005382269 0.982078016 5.384248734
0.980148613 -0.006923819 -0.198143154 -0.688674092 0.005332081 0.999949098 -0.008565697 -0.083102867 0.198192388 0.007339141 0.980135620 5.818757057
0.978491485 -0.005892438 -0.206202909 -0.791281521 0.003874461 0.999940574 -0.010188805 -0.090854451 0.206250682 0.009170735 0.978456199 6.284405231
0.977027893 -0.005562958 -0.213038832 -0.910975635 0.003072489 0.999923110 -0.012019515 -0.097077474 0.213089287 0.011088843 0.976969838 6.754240990
0.975072861 -0.006842767 -0.221779436 -1.019092321 0.003668141 0.999884844 -0.014723067 -0.107101046 0.221854657 0.013542546 0.974985659 7.248358727
0.973303735 -0.010231721 -0.229293227 -1.137586355 0.006631386 0.999842346 -0.016466940 -0.117361099 0.229425579 0.014506802 0.973218203 7.749027252
0.971395373 -0.016345795 -0.236905098 -1.260612011 0.012363949 0.999756336 -0.018283829 -0.124332584 0.237146243 0.014831745 0.971360743 8.260857582
0.969195783 -0.016974647 -0.245705917 -1.395806313 0.012289291 0.999712408 -0.020589814 -0.140571341 0.245984778 0.016936008 0.969125748 8.787375450
0.967049062 -0.013086280 -0.254253626 -1.549093008 0.007115053 0.999677181 -0.024390804 -0.159291938 0.254490763 0.021778075 0.966829956 9.307151794
0.964664876 -0.010397020 -0.263274699 -1.708993673 0.003460817 0.999634862 -0.026795957 -0.182006255 0.263457209 0.024937971 0.964348733 9.853111267
0.962454379 -0.012614779 -0.271150410 -1.875749826 0.004955409 0.999569654 -0.028913824 -0.197339118 0.271398485 0.026484575 0.962102652 10.407293320
0.960016906 -0.014770017 -0.279552072 -2.042712212 0.006245337 0.999488652 -0.031360291 -0.218496829 0.279872328 0.028360512 0.959618270 10.973877907
0.957573533 -0.014611542 -0.287818700 -2.221130371 0.005051494 0.999411404 -0.033930276 -0.240416422 0.288145065 0.031036817 0.957083762 11.555317879
0.955195844 -0.013714707 -0.295656532 -2.417964697 0.002837596 0.999304235 -0.037187431 -0.267829776 0.295960903 0.034682319 0.954570293 12.144682884
0.952900887 -0.014492246 -0.302935362 -2.618090868 0.001647908 0.999090314 -0.042612288 -0.294969112 0.303277373 0.040106080 0.952057958 12.741203308
0.950987399 -0.016667712 -0.308780521 -2.817928314 0.001351622 0.998760819 -0.049749520 -0.333014160 0.309227109 0.046893809 0.949831307 13.345800400
0.949612975 -0.017450772 -0.312938660 -3.032219410 -0.000681196 0.998331428 -0.057738248 -0.370707601 0.313424110 0.055042163 0.948016763 13.970750809
0.948258340 -0.017583149 -0.317012459 -3.250636101 -0.003768891 0.997771621 -0.066615216 -0.410102427 0.317477286 0.064363219 0.946079075 14.599985123
0.946908951 -0.017071122 -0.321048379 -3.477210999 -0.007477653 0.997149765 -0.075076289 -0.465101063 0.321414948 0.073491111 0.944082379 15.243747711
0.945530117 -0.016702697 -0.325105846 -3.712398767 -0.010608220 0.996571541 -0.082052723 -0.517996848 0.325361699 0.081032127 0.942111194 15.896333694
0.943867445 -0.014920287 -0.329987437 -3.956537724 -0.015235952 0.995949864 -0.088611163 -0.578756332 0.329973042 0.088664860 0.939817190 16.552320480
0.942145705 -0.013988633 -0.334911466 -4.203845024 -0.018789692 0.995353997 -0.094431736 -0.643422842 0.334676385 0.095261343 0.937505722 17.220802307
0.940625846 -0.011784062 -0.339240521 -4.476341724 -0.023473680 0.994746566 -0.099640533 -0.719454050 0.338632494 0.101687700 0.935407698 17.912084579
0.938850462 -0.009502472 -0.344193876 -4.744860649 -0.027495632 0.994358003 -0.102451421 -0.796207547 0.343225449 0.105650410 0.933292150 18.605123520
0.936952531 -0.008417193 -0.349355191 -5.018474579 -0.029861193 0.994124889 -0.104038134 -0.872424006 0.348178476 0.107910931 0.931196511 19.306953430
0.934593976 -0.008201054 -0.355621606 -5.292840481 -0.030436944 0.994224072 -0.102917992 -0.958498955 0.354411632 0.107010581 0.928946197 20.018007278
0.932255387 -0.008033545 -0.361711740 -5.574831963 -0.030828554 0.994353652 -0.101540163 -1.038628221 0.360485107 0.105812415 0.926743865 20.733589172
0.929484606 -0.008382093 -0.368765563 -5.868617535 -0.030651929 0.994528770 -0.099864885 -1.120134354 0.367585033 0.104126252 0.924142241 21.467451096
0.926316440 -0.007556589 -0.376670450 -6.176211834 -0.031172747 0.994833171 -0.096618623 -1.199992418 0.375454336 0.101241291 0.921294868 22.189689636
0.922922552 -0.005436079 -0.384947360 -6.494933128 -0.032032125 0.995348990 -0.090853870 -1.279750586 0.383650869 0.096181780 0.918455780 22.932807922
0.919181347 -0.001494444 -0.393831670 -6.821495533 -0.035013679 0.995722890 -0.085498385 -1.361609459 0.392274976 0.092378035 0.915197670 23.681032181
0.915762544 0.001916180 -0.401715428 -7.178968906 -0.037913263 0.995937407 -0.081677563 -1.435733438 0.399926990 0.090027608 0.912114799 24.431629181
0.911828578 0.002709263 -0.410562098 -7.532333851 -0.039008498 0.996026278 -0.080062345 -1.505615711 0.408713758 0.089018539 0.908310950 25.183563232
0.907673419 0.002879581 -0.419667304 -7.890271187 -0.039842129 0.996051311 -0.079337686 -1.576497316 0.417781681 0.088733152 0.904204011 25.936792374
0.903690338 0.002610627 -0.428178668 -8.250528336 -0.039826199 0.996159136 -0.077981390 -1.648471594 0.426330447 0.087523751 0.900323212 26.696958542
0.899686337 0.003966915 -0.436518908 -8.636364937 -0.041174255 0.996272027 -0.075808384 -1.723989725 0.434590787 0.086177103 0.896495521 27.476467133
0.895734608 0.002936293 -0.444579661 -9.035049438 -0.039865397 0.996480405 -0.073738970 -1.791097045 0.442798436 0.083773896 0.892698944 28.266529083
0.891855657 0.003200930 -0.452308774 -9.439638138 -0.039000712 0.996795058 -0.069846854 -1.855753899 0.450635523 0.079933666 0.889122188 29.040103912
0.888094306 0.005300237 -0.459630787 -9.859167099 -0.039220646 0.997160792 -0.064282984 -1.920381427 0.457985014 0.075116366 0.885780573 29.834699631
0.884188414 0.005283098 -0.467100531 -10.294256210 -0.037628945 0.997492015 -0.059946883 -1.986156821 0.465612382 0.070580855 0.882169783 30.640363693
0.880228996 0.004206777 -0.474530339 -10.733937263 -0.035991427 0.997672319 -0.057917707 -2.049975872 0.473182201 0.068059869 0.878331661 31.459772110
0.876880705 0.003620308 -0.480694085 -11.189404488 -0.035344291 0.997750640 -0.056960471 -2.105053186 0.479406714 0.066937350 0.875036359 32.276592255
0.873682797 0.004061226 -0.486479044 -11.650471687 -0.035213366 0.997870147 -0.054910362 -2.163237095 0.485219926 0.065104805 0.871964991 33.095981598
0.870528162 0.002715908 -0.492111146 -12.122390747 -0.033483669 0.997994304 -0.053723671 -2.218999147 0.490978211 0.063245654 0.868873119 33.932029724
0.867668629 0.001097272 -0.497141868 -12.606332779 -0.032103062 0.998034060 -0.053827107 -2.273947239 0.496105433 0.062663861 0.865998089 34.780429840
0.865784109 0.000484870 -0.500417531 -13.101243973 -0.031647675 0.998050749 -0.053787336 -2.339051485 0.499416023 0.062405277 0.864111841 35.601440430
0.864454329 0.000672944 -0.502710819 -13.611751556 -0.032478180 0.997984648 -0.054513093 -2.394737720 0.501660943 0.063451216 0.862734199 36.458808899
0.863952339 0.000824988 -0.503572941 -14.121568680 -0.032067452 0.998059154 -0.053381268 -2.452646017 0.502551556 0.062267169 0.862302005 37.323196411
0.863590419 0.001474428 -0.504191816 -14.643297195 -0.031817205 0.998161972 -0.051578216 -2.511626720 0.503188968 0.060584433 0.862050116 38.210601807
0.863346398 -0.000289819 -0.504611552 -15.166652679 -0.029704973 0.998236477 -0.051395934 -2.572465897 0.503736675 0.059361976 0.861815333 39.101848602
0.862742960 -0.002010621 -0.505638957 -15.700269699 -0.028490795 0.998210132 -0.052581497 -2.627797127 0.504839659 0.059770364 0.861141384 40.004390717
0.861640692 -0.004152960 -0.507501781 -16.241703033 -0.026196068 0.998269618 -0.052644882 -2.692392349 0.506842256 0.058655534 0.860040963 40.910297394
0.859917581 -0.004352205 -0.510414362 -16.791164398 -0.024845190 0.998421490 -0.050371137 -2.757419825 0.509827912 0.055996373 0.858452082 41.829910278
0.857695699 -0.003854095 -0.514143288 -17.344079971 -0.023500139 0.998632967 -0.046688929 -2.816750288 0.513620377 0.052127324 0.856432676 42.750072479
0.854815960 -0.004590198 -0.518910885 -17.901088715 -0.020666378 0.998866439 -0.042880088 -2.877037048 0.518519461 0.047378596 0.853752196 43.655895233
0.850735486 -0.004740416 -0.525572598 -18.469268799 -0.019655006 0.998972952 -0.040825494 -2.934794664 0.525226295 0.045061834 0.849768639 44.570835114
0.845474422 -0.008114365 -0.533954263 -19.042024612 -0.017645771 0.998914063 -0.043120917 -2.991322994 0.533724368 0.045879673 0.844413161 45.468429565
0.839273572 -0.012041323 -0.543575823 -19.608749390 -0.015574006 0.998812020 -0.046171788 -3.057155132 0.543486178 0.047216423 0.838089228 46.342281342
0.832872927 -0.012612836 -0.553320467 -20.204208374 -0.015218755 0.998840332 -0.045676056 -3.111289263 0.553255022 0.046463203 0.831715226 47.233512878
0.827038288 -0.009576864 -0.562063992 -20.815483093 -0.015730528 0.999068975 -0.040169258 -3.171796560 0.561925471 0.042063080 0.826117754 48.122379303
0.821966231 -0.004416500 -0.569519103 -21.436511993 -0.019412257 0.999171793 -0.035765354 -3.230680943 0.569205284 0.040453576 0.821199596 48.991821289
0.817642987 -0.004967713 -0.575704098 -22.052343369 -0.020219913 0.999098182 -0.037338462 -3.279271126 0.575370371 0.042170215 0.816805065 49.869068146
0.814378798 -0.006580404 -0.580296397 -22.681962967 -0.021359755 0.998918295 -0.041303396 -3.340660095 0.579940498 0.046031594 0.813357294 50.719581604
0.811629832 -0.008795939 -0.584105968 -23.326774597 -0.024203300 0.998521805 -0.048667643 -3.392821312 0.583670557 0.053637404 0.810217083 51.584648132
0.808240831 -0.010360926 -0.588760853 -23.960922241 -0.023788732 0.998454452 -0.050227419 -3.453167915 0.588371336 0.054601725 0.806745052 52.448249817
0.804764271 -0.008791234 -0.593529403 -24.606216431 -0.023136653 0.998665988 -0.046162933 -3.514322281 0.593143404 0.050882559 0.803487301 53.317661285
0.801659465 -0.006203382 -0.597748756 -25.262401581 -0.022809081 0.998900533 -0.040956475 -3.572546244 0.597345531 0.046467245 0.800636590 54.184452057
0.798536956 -0.004232023 -0.601930857 -25.916967392 -0.023257773 0.999011636 -0.037878159 -3.628068924 0.601496220 0.044246688 0.797649324 55.039672852
0.795300841 -0.003969821 -0.606202006 -26.577579498 -0.024465837 0.998953700 -0.038639542 -3.677717686 0.605721116 0.045561291 0.794371486 55.900802612
0.791620195 -0.005438213 -0.610989273 -27.244260788 -0.024217052 0.998895407 -0.040267341 -3.732925415 0.610533357 0.046672802 0.790614069 56.752532959
0.787577271 -0.008041450 -0.616163433 -27.916870117 -0.023367308 0.998805940 -0.042903237 -3.791096687 0.615772665 0.048187695 0.786448956 57.609493256
0.783219397 -0.009075974 -0.621679187 -28.596981049 -0.022420313 0.998830855 -0.042828187 -3.850203991 0.621340990 0.047482103 0.782100201 58.456752777
0.778390884 -0.009325124 -0.627710640 -29.285530090 -0.022208340 0.998854756 -0.042378146 -3.900904417 0.627387047 0.046927176 0.777292430 59.309871674
0.773717463 -0.008923369 -0.633467853 -29.977813721 -0.022367280 0.998892665 -0.041390333 -3.965524197 0.633135855 0.046193384 0.772661209 60.140888214
0.768137097 -0.010479181 -0.640199721 -30.681682587 -0.022066692 0.998838842 -0.042826101 -4.018350601 0.639905155 0.047023404 0.767013907 60.988460541
0.762662411 -0.011939278 -0.646686554 -31.399574280 -0.021494662 0.998809576 -0.043789759 -4.075452805 0.646439373 0.047297109 0.761498034 61.818569183
0.757139444 -0.013246659 -0.653118968 -32.124576569 -0.020697128 0.998806000 -0.044251435 -4.142468929 0.652925313 0.047022190 0.755961239 62.651844025
0.751413167 -0.014479236 -0.659673095 -32.856864929 -0.020326149 0.998776793 -0.045075152 -4.202684879 0.659518719 0.047278680 0.750199735 63.476531982
0.745268464 -0.016076935 -0.666570663 -33.584381104 -0.019805996 0.998734295 -0.046232715 -4.265409946 0.666470289 0.047657877 0.744006753 64.285392761
0.738954544 -0.017370993 -0.673531353 -34.342285156 -0.018784035 0.998747826 -0.046367243 -4.323858738 0.673493385 0.046914920 0.737702847 65.117668152
0.732622027 -0.017476389 -0.680411279 -35.113426208 -0.017901126 0.998829722 -0.044929732 -4.384065628 0.680400252 0.045096643 0.731451869 65.935867310
0.725873351 -0.017661208 -0.687601626 -35.891021729 -0.017273793 0.998886943 -0.043891896 -4.453946590 0.687611461 0.043737445 0.724760354 66.758132935
0.719189286 -0.019297022 -0.694546103 -36.669216156 -0.015849406 0.998898566 -0.044164807 -4.521857262 0.694633365 0.042771000 0.718091428 67.568763733
0.712844491 -0.021092970 -0.701004744 -37.462390900 -0.015923630 0.998803139 -0.046246190 -4.578400612 0.701141357 0.044128891 0.711655557 68.356719971
0.706651390 -0.020534832 -0.707263827 -38.258945465 -0.017149031 0.998788059 -0.046133187 -4.638728619 0.707354128 0.044728965 0.705442905 69.153846741
0.700763822 -0.020230576 -0.713106394 -39.072280884 -0.017016463 0.998839378 -0.045058656 -4.703197479 0.713190377 0.043710023 0.699606299 69.957595825
0.695937812 -0.019741792 -0.717830658 -39.902580261 -0.018441917 0.998800993 -0.045348514 -4.765442848 0.717865229 0.044797916 0.694739282 70.748413086
0.690661311 -0.020742934 -0.722880900 -40.736904144 -0.018332465 0.998765171 -0.046174761 -4.833662510 0.722946048 0.045143310 0.689428210 71.543563843
0.685353160 -0.022360668 -0.727867603 -41.583129883 -0.019039489 0.998636544 -0.048606310 -4.902616501 0.727961957 0.047170710 0.683992863 72.330200195
0.680848062 -0.025109023 -0.731994152 -42.435283661 -0.018583843 0.998498142 -0.051536050 -4.962816238 0.732188880 0.048691478 0.679358959 73.098869324
0.675591052 -0.025599878 -0.736832023 -43.295745850 -0.018890236 0.998467922 -0.052010126 -5.031896591 0.737034619 0.049056500 0.674072444 73.880332947
0.670643270 -0.025100561 -0.741355300 -44.168815613 -0.018403150 0.998556674 -0.050456621 -5.103060246 0.741551757 0.047481656 0.669213355 74.658271790
0.665736616 -0.025237199 -0.745759904 -45.061134338 -0.017742084 0.998609900 -0.049632158 -5.173548698 0.745975792 0.046273280 0.664363503 75.440093994
0.660744429 -0.026795803 -0.750132501 -45.942390442 -0.016941076 0.998575628 -0.050592873 -5.236557484 0.750419796 0.046137016 0.659349382 76.209632874
0.656053305 -0.027164653 -0.754225314 -46.842819214 -0.016313162 0.998608112 -0.050156277 -5.314521790 0.754538238 0.045208994 0.654697061 76.973167419
0.651820779 -0.027342180 -0.757879913 -47.750389099 -0.015904665 0.998637259 -0.049706962 -5.386708260 0.758206189 0.044453856 0.650497556 77.742187500
0.647264898 -0.028794557 -0.761721134 -48.655845642 -0.014128067 0.998661458 -0.049756546 -5.453795433 0.762134194 0.042967305 0.645991683 78.520339966
0.643354297 -0.031787075 -0.764908493 -49.567710876 -0.011334575 0.998632669 -0.051033247 -5.523165703 0.765484691 0.041502364 0.642114282 79.281166077
0.639282644 -0.036588818 -0.768100917 -50.498344421 -0.008296851 0.998481035 -0.054468472 -5.595324516 0.768927097 0.041193563 0.638007998 80.047607422
0.634611249 -0.040480118 -0.771770656 -51.422515869 -0.004580445 0.998412788 -0.056134112 -5.667168617 0.772817910 0.039158396 0.633418500 80.804740906
0.627698541 -0.044435836 -0.777187228 -52.363189697 0.001025580 0.998415768 -0.056256320 -5.744450092 0.778455794 0.034514952 0.626749754 81.569610596
0.619535387 -0.048018515 -0.783498585 -53.309822083 0.005619622 0.998372972 -0.056743979 -5.823517799 0.784948587 0.030751944 0.618797302 82.315780640
0.610010922 -0.049038749 -0.790874004 -54.280754089 0.008509681 0.998430967 -0.055344846 -5.905974388 0.792347372 0.027030876 0.609471262 83.070907593
0.600976408 -0.047680277 -0.797843277 -55.257934570 0.009198724 0.998565555 -0.052746780 -5.981680870 0.799213886 0.024360429 0.600553036 83.807838440
0.591810763 -0.047507372 -0.804675698 -56.249019623 0.008593432 0.998576820 -0.052634954 -6.060505390 0.806031048 0.024235008 0.591376781 84.527336121
0.582824171 -0.048486024 -0.811150491 -57.263446808 0.007583385 0.998499334 -0.054235917 -6.144993782 0.812562883 0.025458733 0.582317233 85.235488892
0.572825432 -0.050467011 -0.818122327 -58.273891449 0.007942046 0.998397589 -0.056026757 -6.222553253 0.819638908 0.025595980 0.572308302 85.939453125
0.562624097 -0.052620839 -0.825036466 -59.297882080 0.008333136 0.998282492 -0.057987791 -6.295766354 0.826670825 0.025750190 0.562096298 86.640930176
0.552347481 -0.053049594 -0.831924319 -60.332077026 0.011225692 0.998355865 -0.056209307 -6.381287575 0.833538353 0.021708142 0.552034855 87.331542969
0.542184353 -0.053575896 -0.838549793 -61.387557983 0.013086756 0.998382568 -0.055326242 -6.471243858 0.840157628 0.019023128 0.542008579 88.003463745
0.532275259 -0.054200750 -0.844834507 -62.450737000 0.013499753 0.998364985 -0.055545244 -6.554097176 0.846463680 0.018160304 0.532136679 88.658943176
0.522235215 -0.054938894 -0.851029932 -63.524665833 0.012626164 0.998311520 -0.056698699 -6.635543346 0.852707982 0.018864818 0.522047102 89.306106567
0.511458218 -0.055465110 -0.857516289 -64.590179443 0.011171623 0.998259485 -0.057905331 -6.717217445 0.859235525 0.020036310 0.511187673 89.955558777
0.502056897 -0.056684650 -0.862975001 -65.683547974 0.009929612 0.998161674 -0.059787624 -6.799940586 0.864777565 0.021447783 0.501696825 90.578002930
0.492678404 -0.056307875 -0.868387878 -66.785926819 0.009041836 0.998181641 -0.059594091 -6.888269424 0.870164514 0.021508900 0.492291749 91.192344666
0.482814401 -0.054333117 -0.874035597 -67.898223877 0.008742535 0.998322725 -0.057229906 -6.978586674 0.875679195 0.019990133 0.482479542 91.812805176
0.475053400 -0.052493639 -0.878389776 -69.026962280 0.009080997 0.998458326 -0.054757874 -7.065727711 0.879910111 0.018036256 0.474797726 92.411506653
0.467618078 -0.052996624 -0.882340491 -70.149597168 0.009336668 0.998441458 -0.055021882 -7.147156239 0.883881330 0.017491108 0.467384100 92.996765137
0.459554166 -0.056103837 -0.886375964 -71.268592834 0.011764191 0.998299718 -0.057088826 -7.237278938 0.888071835 0.015807910 0.459432781 93.579574585
0.452158451 -0.059922274 -0.889922500 -72.406509399 0.014364458 0.998100519 -0.059907954 -7.317777157 0.891821921 0.014304630 0.452160329 94.163452148
0.446436733 -0.062376596 -0.892638445 -73.544364929 0.016043879 0.997964978 -0.061712645 -7.421610832 0.894671321 0.013229409 0.446529061 94.724838257
0.440870315 -0.066026643 -0.895139039 -74.684692383 0.018370321 0.997745574 -0.064547360 -7.518912792 0.897382855 0.012013020 0.441089362 95.294273376
0.436178505 -0.066247173 -0.897418320 -75.830726624 0.021006400 0.997764349 -0.063444786 -7.624143600 0.899614871 0.008821725 0.436594993 95.848739624
0.431260228 -0.064252123 -0.899936795 -76.986984253 0.024011191 0.997924984 -0.059741680 -7.728234291 0.901908040 0.004155655 0.431908160 96.417190552
0.427274257 -0.062100183 -0.901986837 -78.144454956 0.026707839 0.998069823 -0.056063734 -7.820559502 0.903727531 -0.000135535 0.428108126 96.970405579
0.424491793 -0.061899707 -0.903313458 -79.299163818 0.028052744 0.998080552 -0.055210885 -7.905187607 0.904997110 -0.001903855 0.425413460 97.499221802
0.421244532 -0.061316155 -0.904872000 -80.426223755 0.030043775 0.998107851 -0.053647760 -8.002428055 0.906449258 -0.004586942 0.422289670 98.028366089
0.418687880 -0.060592428 -0.906106472 -81.565879822 0.031622473 0.998139322 -0.052134849 -8.083500862 0.907579482 -0.006825100 0.419824809 98.555984497
0.416523814 -0.059812631 -0.907155156 -82.704658508 0.033633746 0.998164058 -0.050370175 -8.164565086 0.908502460 -0.009530646 0.417770773 99.076019287
0.414362133 -0.060529940 -0.908096910 -83.854339600 0.035483591 0.998101711 -0.050338212 -8.245426178 0.909420133 -0.011364301 0.415723324 99.592361450
0.412008554 -0.061258283 -0.909118474 -84.975257874 0.037918530 0.998025894 -0.050064541 -8.317360878 0.910390675 -0.013845423 0.413518012 100.105163574
0.409743726 -0.060287528 -0.910206258 -86.092483521 0.041120403 0.998020053 -0.047592875 -8.398802757 0.911273301 -0.017927166 0.411411554 100.609138489
0.407595217 -0.059539970 -0.911219478 -87.202514648 0.043063141 0.998015165 -0.045948818 -8.475222588 0.912146747 -0.020511456 0.409350187 101.108581543
0.405676812 -0.061478358 -0.911946595 -88.299644470 0.045444626 0.997858107 -0.047054112 -8.542677879 0.912886083 -0.022354307 0.407601833 101.600936890
0.404708266 -0.062620021 -0.912299275 -89.390617371 0.046894789 0.997761130 -0.047682948 -8.620428085 0.913242638 -0.023484401 0.406738669 102.077461243
0.404124916 -0.063317440 -0.912509799 -90.462173462 0.046772934 0.997726619 -0.048516080 -8.703644753 0.913507104 -0.023074202 0.406167746 102.552429199
0.404745340 -0.064379625 -0.912160337 -91.524154663 0.045647059 0.997697413 -0.050162185 -8.775003433 0.913289368 -0.021334523 0.406752139 103.015182495
0.406535208 -0.063949130 -0.911394358 -92.567520142 0.043667540 0.997767270 -0.050531331 -8.856562614 0.912590921 -0.019255582 0.408420026 103.484016418
0.411478490 -0.064252339 -0.909151912 -93.612289429 0.041588929 0.997796595 -0.051694147 -8.930924416 0.910470068 -0.016539626 0.413244039 103.944641113
0.416600078 -0.064891636 -0.906770945 -94.637626648 0.040241376 0.997787833 -0.052916918 -9.008009911 0.908198774 -0.014444523 0.418289751 104.406265259
0.422122240 -0.064687923 -0.904227972 -95.650192261 0.040072553 0.997807443 -0.052675389 -9.093544006 0.905652761 -0.013999264 0.423788965 104.875244141
0.429069102 -0.063237250 -0.901055396 -96.662773132 0.038758382 0.997916520 -0.051578935 -9.170314789 0.902439713 -0.012792522 0.430626154 105.352462769
0.436916947 -0.061766367 -0.897378623 -97.670036316 0.037279204 0.998025775 -0.050543346 -9.243982315 0.898728967 -0.011370320 0.438356996 105.841110229
0.446040154 -0.061890248 -0.892870486 -98.646987915 0.037231125 0.998025775 -0.050580110 -9.313629150 0.894238234 -0.010681816 0.447463781 106.322799683
0.456006140 -0.061270639 -0.887865007 -99.638916016 0.036594089 0.998074532 -0.050081413 -9.386563301 0.889223933 -0.009653180 0.457370192 106.820358276
0.465575039 -0.062169291 -0.882822037 -100.621788025 0.035698052 0.998036921 -0.051456712 -9.456764221 0.884288132 -0.007558060 0.466880411 107.339187622
0.475798994 -0.063737325 -0.877241611 -101.563072205 0.033185050 0.997961640 -0.054509502 -9.523780823 0.878927767 -0.003175737 0.476944387 107.850051880
0.487126440 -0.064811513 -0.870923221 -102.520179749 0.031481039 0.997897506 -0.056652524 -9.593151093 0.872763991 0.000179377 0.488142550 108.383148193
0.498765469 -0.063539371 -0.864404798 -103.460060120 0.029801268 0.997976780 -0.056162301 -9.666669846 0.866224468 0.002251460 0.499649972 108.936752319
0.512967706 -0.060507745 -0.856272697 -104.424224854 0.028293634 0.998162389 -0.053584371 -9.748729706 0.857941508 0.003259979 0.513737023 109.473266602
0.524842560 -0.058501709 -0.849186718 -105.349594116 0.027942941 0.998281777 -0.051502887 -9.818267822 0.850740671 0.003302128 0.525575459 110.052169800
0.536564589 -0.057963856 -0.841866076 -106.263595581 0.027895449 0.998311222 -0.050956152 -9.889656067 0.843398154 0.003857038 0.537275314 110.630569458
0.548227906 -0.058221828 -0.834299982 -107.158729553 0.028172290 0.998293340 -0.051153813 -9.963621140 0.835854352 0.004539810 0.548932493 111.210983276
0.559434712 -0.059431218 -0.826741099 -108.038314819 0.028639192 0.998216510 -0.052378509 -10.034566879 0.828379512 0.005625159 0.560139060 111.800270081
0.570345879 -0.061160821 -0.819124520 -108.899734497 0.030655358 0.998114288 -0.053180356 -10.104945183 0.820832491 0.005220645 0.571145236 112.397033691
0.581750214 -0.060149375 -0.811140239 -109.771636963 0.030501340 0.998173714 -0.052143089 -10.182646751 0.812795281 0.005593390 0.582522392 113.019973755
0.592559636 -0.057879727 -0.803444505 -110.615028381 0.029727938 0.998307168 -0.049992453 -10.251972198 0.804977894 0.005738758 0.593277037 113.637969971
0.602578044 -0.054775286 -0.796178043 -111.440513611 0.029710615 0.998489976 -0.046207767 -10.320917130 0.797506750 0.004188851 0.603295445 114.259994507
0.612838149 -0.052733373 -0.788446903 -112.243133545 0.027900744 0.998592615 -0.045101978 -10.390453339 0.789715648 0.005641962 0.613447070 114.872985840
0.623133063 -0.051798828 -0.780398667 -113.034484863 0.025936654 0.998624206 -0.045573600 -10.457802773 0.781685710 0.008157485 0.623619199 115.497055054
0.632503629 -0.051124960 -0.772868216 -113.814811707 0.023487333 0.998626232 -0.046837106 -10.520988464 0.774201095 0.011472029 0.632835627 116.134956360
0.641947925 -0.050669707 -0.765072167 -114.563568115 0.023443636 0.998644650 -0.046468075 -10.585998535 0.766389787 0.011894004 0.642265737 116.758872986
0.651403248 -0.048278458 -0.757194161 -115.317024231 0.022839937 0.998768985 -0.044032313 -10.650039673 0.758387864 0.011388522 0.651703954 117.396369934
0.659999967 -0.046459343 -0.749827683 -116.047180176 0.022788530 0.998864770 -0.041831177 -10.709490776 0.750919878 0.010521105 0.660309494 118.036766052
0.668099284 -0.046172213 -0.742638230 -116.766937256 0.023488974 0.998884082 -0.040972486 -10.763202667 0.743701339 0.009929877 0.668438375 118.688667297
0.676076055 -0.045380078 -0.735433042 -117.469596863 0.022477074 0.998907328 -0.040974882 -10.819969177 0.736488760 0.011171759 0.676357508 119.329841614
0.683825791 -0.044331949 -0.728297353 -118.175529480 0.021656925 0.998946071 -0.040472008 -10.877732277 0.729323864 0.011903125 0.684065044 119.975212097
0.690966606 -0.041801970 -0.721677065 -118.857101440 0.021045756 0.999066710 -0.037719157 -10.927146912 0.722580373 0.010874434 0.691201389 120.631965637
0.698590696 -0.038896322 -0.714463651 -119.532791138 0.019948725 0.999191999 -0.034891769 -10.977844238 0.715243518 0.010122425 0.698802054 121.284904480
0.705920160 -0.037416309 -0.707302451 -120.193710327 0.018913643 0.999243438 -0.033983301 -11.030073166 0.708038867 0.010611826 0.706093729 121.937522888
0.713586807 -0.036895588 -0.699594498 -120.839378357 0.018421140 0.999255180 -0.033909671 -11.071420670 0.700324595 0.011310162 0.713734984 122.592384338
0.721515477 -0.034166932 -0.691554785 -121.461433411 0.016089745 0.999339402 -0.032586515 -11.117467880 0.692211330 0.012384736 0.721588552 123.233261108
0.730710030 -0.031624902 -0.681954980 -122.075141907 0.015391741 0.999435663 -0.029855570 -11.158598900 0.682514429 0.011319295 0.730784535 123.885452271
0.740221083 -0.027439725 -0.671803355 -122.669418335 0.013330140 0.999569356 -0.026139583 -11.202833176 0.672231317 0.010393837 0.740268171 124.536544800
0.750584543 -0.025089474 -0.660297990 -123.246009827 0.011343434 0.999620914 -0.025088303 -11.241436005 0.660677075 0.011340845 0.750584543 125.185852051
0.760636330 -0.024170594 -0.648728073 -123.810684204 0.009597952 0.999616086 -0.025990497 -11.281436920 0.649107158 0.013542860 0.760576367 125.836746216
0.770700276 -0.025389945 -0.636691809 -124.359672546 0.009871361 0.999561608 -0.027911397 -11.318689346 0.637121379 0.015226306 0.770613074 126.496414185
0.780762136 -0.024491234 -0.624348223 -124.889595032 0.009443171 0.999580026 -0.027401490 -11.351780891 0.624757051 0.015498220 0.780665398 127.160751343
0.791098237 -0.022733772 -0.611266613 -125.415222168 0.008906350 0.999631286 -0.025650993 -11.389410019 0.611624300 0.014848299 0.791009128 127.836883545
0.801237881 -0.020320842 -0.598000884 -125.922851562 0.008428658 0.999707222 -0.022678118 -11.421801567 0.598286569 0.013130222 0.801174581 128.524078369
0.811278045 -0.019193992 -0.584345341 -126.419960022 0.009039734 0.999753296 -0.020288548 -11.459093094 0.584590614 0.011177327 0.811251402 129.196334839
0.820532084 -0.017445175 -0.571334004 -126.907333374 0.009317284 0.999809563 -0.017147094 -11.491199493 0.571524382 0.008746461 0.820538402 129.897048950
0.828645349 -0.016635250 -0.559526622 -127.379875183 0.009869508 0.999837220 -0.015109580 -11.518366814 0.559686959 0.006998232 0.828674614 130.604690552
0.836104155 -0.017081283 -0.548304737 -127.845504761 0.011437271 0.999840558 -0.013707359 -11.545314789 0.548451483 0.005189671 0.836166263 131.309677124
0.842805207 -0.017116889 -0.537946403 -128.302841187 0.011706227 0.999840617 -0.013473636 -11.567054749 0.538091242 0.005058330 0.842871428 132.028594971
0.849703431 -0.016361292 -0.527006984 -128.757736206 0.010919452 0.999850035 -0.013435392 -11.587589264 0.527147830 0.005661473 0.849754751 132.757049561
0.856472254 -0.014284365 -0.515995443 -129.201110840 0.009100197 0.999879479 -0.012574876 -11.608464241 0.516112924 0.006074373 0.856499016 133.492736816
0.862905443 -0.013020715 -0.505197585 -129.637176514 0.008184805 0.999897003 -0.011790754 -11.637408257 0.505298972 0.006039361 0.862923145 134.221649170
0.868806124 -0.013332052 -0.494972855 -130.059906006 0.008582850 0.999892771 -0.011866895 -11.656955719 0.495077938 0.006061753 0.868827343 134.973114014
0.873846054 -0.014505097 -0.485986292 -130.470993042 0.009462701 0.999872923 -0.012828160 -11.677193642 0.486110568 0.006611095 0.873872280 135.732116699
0.878564298 -0.015232584 -0.477380991 -130.899627686 0.010090846 0.999860168 -0.013333158 -11.700578690 0.477517337 0.006896859 0.878595233 136.489379883
0.882001400 -0.014612684 -0.471020162 -131.310531616 0.009740313 0.999870896 -0.012780403 -11.717544556 0.471146137 0.006684450 0.882029772 137.267333984
0.885339439 -0.012669191 -0.464772552 -131.725433350 0.009246346 0.999910772 -0.009643225 -11.732644081 0.464853257 0.004240081 0.885377586 138.051300049
0.888548136 -0.008117611 -0.458711475 -132.150817871 0.006551793 0.999966025 -0.005004782 -11.756037712 0.458736509 0.001441607 0.888571084 138.856704712
0.891837955 -0.005487355 -0.452321708 -132.565765381 0.005044773 0.999984920 -0.002184622 -11.770976067 0.452326894 -0.000333532 0.891852140 139.671783447
0.895333886 -0.002464750 -0.445388645 -132.989028931 0.002710997 0.999996305 -0.000084182 -11.781468391 0.445387185 -0.001132076 0.895337343 140.497299194
0.898583472 -0.000963845 -0.438801497 -133.401092529 0.002127171 0.999995410 0.002159518 -11.787801743 0.438797385 -0.002873913 0.898581505 141.339828491
0.902046859 0.000711538 -0.431637406 -133.812530518 0.001587243 0.999986410 0.004965499 -11.797555923 0.431635171 -0.005164228 0.902033448 142.192871094
0.905397117 0.000573968 -0.424565107 -134.215637207 0.002592100 0.999972939 0.006879588 -11.801600456 0.424557596 -0.007329276 0.905371249 143.063446045
0.909042537 0.000358993 -0.416703343 -134.621459961 0.003242194 0.999963224 0.007934354 -11.803139687 0.416690856 -0.008563698 0.909007967 143.949035645
0.912911832 -0.000514075 -0.408156484 -135.026428223 0.004072490 0.999960899 0.007849365 -11.801746368 0.408136517 -0.008827991 0.912878215 144.845550537
0.916668713 -0.002974087 -0.399636805 -135.418884277 0.006422617 0.999952734 0.007290279 -11.807296753 0.399596304 -0.009249486 0.916644573 145.761077881
0.920939565 -0.004686710 -0.389677107 -135.824447632 0.007430573 0.999957025 0.005534323 -11.800392151 0.389634430 -0.007992301 0.920934916 146.702423096
0.925356627 -0.005900033 -0.379051745 -136.202850342 0.007886820 0.999962091 0.003688972 -11.805785179 0.379015595 -0.006403127 0.925368190 147.648468018
0.930647314 -0.003954662 -0.365896106 -136.579284668 0.005427612 0.999980807 0.002997044 -11.811861038 0.365877211 -0.004775133 0.930650890 148.599273682
0.936846256 -0.000217201 -0.349741310 -136.951141357 0.001745851 0.999990284 0.004055556 -11.815368652 0.349737018 -0.004410029 0.936837614 149.577072144
0.943645179 0.003666159 -0.330938488 -137.308929443 -0.001369107 0.999973297 0.007173868 -11.820169449 0.330956042 -0.006316497 0.943625033 150.569656372
0.950415134 0.006655806 -0.310912609 -137.651229858 -0.004156436 0.999953449 0.008700698 -11.823155403 0.310956061 -0.006976987 0.950398624 151.588836670
0.956963122 0.008504902 -0.290084869 -137.969253540 -0.006004883 0.999936759 0.009507263 -11.824147224 0.290147394 -0.007356175 0.956953704 152.623764038
0.963307798 0.010391914 -0.268197775 -138.270645142 -0.007695703 0.999908745 0.011102392 -11.826256752 0.268288672 -0.008631048 0.963299870 153.662384033
0.969020486 0.011539552 -0.246710807 -138.549194336 -0.008376253 0.999868751 0.013867568 -11.826861382 0.246838480 -0.011371445 0.968989849 154.741500854
0.974412441 0.013648862 -0.224352568 -138.822311401 -0.010056542 0.999802411 0.017146872 -11.816556931 0.224542245 -0.014451916 0.974357188 155.838256836
0.979225278 0.015770059 -0.202161074 -139.053192139 -0.011679552 0.999702632 0.021410916 -11.811500549 0.202438578 -0.018604960 0.979118228 156.933364868
0.983530104 0.018034136 -0.179842830 -139.265930176 -0.013856535 0.999604762 0.024458526 -11.797136307 0.180212855 -0.021563698 0.983391225 158.061309814
0.987363398 0.019889176 -0.157219410 -139.473159790 -0.016262762 0.999571979 0.024318924 -11.781290054 0.157635808 -0.021454794 0.987264216 159.226043701
0.990659058 0.019542811 -0.134954914 -139.643188477 -0.016672453 0.999610841 0.022366658 -11.770425797 0.135339513 -0.019907702 0.990599275 160.376434326
0.993231654 0.019447599 -0.114510484 -139.779495239 -0.017143037 0.999630868 0.021075914 -11.746482849 0.114878081 -0.018970205 0.993198454 161.555084229
0.995392561 0.018439462 -0.094093725 -139.899032593 -0.016350895 0.999603570 0.022919631 -11.730293274 0.094479054 -0.021275511 0.995299518 162.743179321
0.997070253 0.019003833 -0.074093126 -139.998413086 -0.017242165 0.999554932 0.024343984 -11.712650299 0.074522778 -0.022995137 0.996954143 163.958282471
0.998372912 0.019256039 -0.053672552 -140.070709229 -0.017928315 0.999523878 0.025110172 -11.691968918 0.054130521 -0.024107061 0.998242855 165.175323486
0.999229610 0.020821245 -0.033265918 -140.118484497 -0.019973580 0.999472380 0.025613889 -11.672767639 0.033781685 -0.024929719 0.999118209 166.405273438
0.999690354 0.021307491 -0.012850283 -140.141616821 -0.020967344 0.999440849 0.026047843 -11.651439667 0.013398116 -0.025770344 0.999578059 167.648040771
0.999694526 0.023512939 0.007614288 -140.139526367 -0.023698412 0.999399900 0.025260558 -11.631221771 -0.007015770 -0.025433291 0.999651909 168.893798828
0.999328077 0.024335817 0.027406760 -140.108657837 -0.024989378 0.999405265 0.023762012 -11.611285210 -0.026812196 -0.024430919 0.999341905 170.155395508
0.998587728 0.024826720 0.046968233 -140.060943604 -0.025862321 0.999432683 0.021571212 -11.598035812 -0.046406046 -0.022755448 0.998663425 171.430175781
0.997462988 0.027179504 0.065794207 -139.987258911 -0.028480163 0.999415576 0.018911945 -11.585015297 -0.065241732 -0.020737795 0.997653902 172.708419800
0.995992303 0.027291013 0.085171826 -139.891082764 -0.028849188 0.999437213 0.017117441 -11.575927734 -0.084656730 -0.019505985 0.996219218 174.008010864
0.994171381 0.027486656 0.104248591 -139.763977051 -0.029102683 0.999478221 0.014012055 -11.568120956 -0.103809021 -0.016964298 0.994452477 175.310684204
0.992089927 0.028195111 0.122321725 -139.606597900 -0.029479511 0.999527514 0.008702764 -11.568357468 -0.122018553 -0.012239910 0.992452323 176.607177734
0.989635170 0.030186402 0.140395984 -139.437286377 -0.030780656 0.999524176 0.002062693 -11.575886726 -0.140266925 -0.006362796 0.990093291 177.935958862
0.986970484 0.031879649 0.157711059 -139.233840942 -0.031777538 0.999489963 -0.003169592 -11.585999489 -0.157731637 -0.001883376 0.987480223 179.250991821
0.983955324 0.034247562 0.175097331 -139.005065918 -0.033481423 0.999412477 -0.007328582 -11.607900620 -0.175245434 0.001348489 0.984523773 180.574890137
0.980554640 0.036090791 0.192899823 -138.752441406 -0.034780968 0.999343097 -0.010173414 -11.631120682 -0.193140298 0.003266344 0.981165648 181.920227051
0.976975203 0.035519306 0.210375890 -138.473632812 -0.034181315 0.999365628 -0.009993895 -11.659737587 -0.210597411 0.002572861 0.977569520 183.276763916
0.973041654 0.034954850 0.227964789 -138.174514771 -0.033372704 0.999384642 -0.010792496 -11.688960075 -0.228201762 0.002893744 0.973609567 184.636856079
0.969061792 0.034600060 0.244380951 -137.836242676 -0.031627338 0.999370396 -0.016079113 -11.721011162 -0.244783401 0.007852537 0.969545901 185.999420166
0.964721918 0.035821591 0.260822713 -137.477554321 -0.031494524 0.999288321 -0.020752192 -11.750391006 -0.261380434 0.011805605 0.965163648 187.353729248
0.959956825 0.038073555 0.277548522 -137.105285645 -0.033568483 0.999216378 -0.020967206 -11.789617538 -0.278129339 0.010810729 0.960482717 188.713195801
0.954546630 0.040368158 0.295315325 -136.703323364 -0.035556540 0.999133170 -0.021647343 -11.833932877 -0.295933247 0.010163004 0.955154479 190.073837280
0.948838055 0.044193741 0.312655240 -136.274642944 -0.038426708 0.998958826 -0.024586229 -11.882658958 -0.313416302 0.011314034 0.949548423 191.427169800
0.942858279 0.045050204 0.330134392 -135.821929932 -0.037680678 0.998877764 -0.028691662 -11.932487488 -0.331056565 0.014612482 0.943497777 192.782333374
0.936729014 0.045797717 0.347046524 -135.333770752 -0.037243210 0.998816431 -0.031283177 -11.987565994 -0.348068446 0.016378738 0.937325954 194.143325806
0.930123627 0.045990914 0.364355803 -134.805145264 -0.035101999 0.998718739 -0.036455538 -12.049116135 -0.365565568 0.021118538 0.930545986 195.510208130
0.922436714 0.049139984 0.383008808 -134.258270264 -0.035449505 0.998457730 -0.042725600 -12.118043900 -0.384517640 0.025834195 0.922756076 196.864669800
0.913121402 0.052856144 0.404246598 -133.678680420 -0.037309982 0.998233140 -0.046244547 -12.195305824 -0.405976653 0.027144460 0.913480222 198.214874268
0.902100444 0.055608530 0.427928120 -133.065780640 -0.038856290 0.998101294 -0.047789969 -12.280604362 -0.429773122 0.026483642 0.902548432 199.565979004
0.889402211 0.060767349 0.453068435 -132.419281006 -0.042418208 0.997819722 -0.050561924 -12.375151634 -0.455153137 0.025751539 0.890040696 200.905761719
